10 50 7
9 6 4 2 3 8 10 5 7 1 0.925526
10 9 6 7 2 5 4 3 8 1 0.438759
9 4 5 8 10 2 7 6 3 1 0.189979
2 9 4 5 6 8 7 10 3 1 0.757215
6 5 2 3 4 8 7 9 10 1 0.937074
8 4 2 9 6 5 10 7 3 1 0.333675
5 4 2 9 6 7 10 8 3 1 0.998138
10 9 7 2 4 6 8 5 3 1 0.748935
5 7 2 3 9 6 10 8 4 1 0.742564
8 6 10 7 2 5 3 9 4 1 0.599125
9 2 3 8 6 5 7 10 4 1 0.0314333
6 10 5 4 2 3 8 9 7 1 0.702887
3 7 6 2 8 4 10 5 9 1 0.00435794
3 9 5 10 7 6 8 2 4 1 0.672033
6 10 7 8 2 3 9 4 5 1 0.150501
10 8 4 2 9 6 7 3 5 1 0.734197
2 5 9 7 4 6 8 10 3 1 0.101595
7 2 5 3 4 8 10 9 6 1 0.549678
9 8 4 6 2 3 5 7 10 1 0.158204
4 10 5 6 2 3 7 9 8 1 0.727161
6 7 4 9 8 10 2 5 3 1 0.00841181
8 3 5 4 10 7 2 9 6 1 0.233804
4 2 5 10 7 3 6 9 8 1 0.0749916
3 6 5 10 7 9 4 2 8 1 0.452168
10 7 5 3 4 6 2 8 9 1 0.184685
3 4 5 2 8 10 6 7 9 1 0.520825
5 10 4 8 6 3 7 2 9 1 0.0768188
4 9 3 2 7 8 10 5 6 1 0.993428
8 3 2 6 7 4 5 9 10 1 0.244566
7 3 8 5 4 10 9 2 6 1 0.406078
5 3 10 4 6 7 9 2 8 1 0.57398
6 4 7 2 5 8 9 10 3 1 0.700936
10 9 2 8 7 5 6 3 4 1 0.979794
5 7 6 3 2 10 8 4 9 1 0.69158
3 2 4 5 9 7 8 6 10 1 0.948908
10 2 8 4 9 3 7 5 6 1 0.612489
7 3 8 6 5 4 9 10 2 1 0.804012
3 9 7 2 6 5 10 8 4 1 0.0392874
5 4 8 3 2 6 10 9 7 1 0.477096
8 7 6 2 3 9 5 10 4 1 0.943446
4 10 2 8 6 7 3 5 9 1 0.983572
4 7 6 2 5 8 3 10 9 1 0.302776
3 5 8 6 9 7 10 2 4 1 0.549569
6 3 7 8 5 9 4 2 10 1 0.180813
10 4 8 6 3 2 9 7 5 1 0.134746
7 8 6 2 4 5 9 10 3 1 0.922871
9 7 10 8 5 2 4 6 3 1 0.832794
6 2 4 10 3 5 8 9 7 1 0.450395
3 7 4 10 2 6 5 8 9 1 0.976256
8 4 6 10 5 9 7 2 3 1 0.5162
0 0